4294967279,86
4294967279,85
4294967279,84
4294967279,83
4294967279,82
4294967279,81
4294967279,80
4294967279,79
4294967279,78
4294967279,77
4294967279,76
4294967279,75
4294967279,74
4294967279,73
4294967279,72
4294967279,71
4294967279,70
4294967279,69
4294967279,68
4294967279,67
4294967279,66
4294967279,65
4294967279,64
4294967279,63
4294967279,62
4294967279,61
4294967279,60
4294967279,59
4294967279,58
4294967279,57
4294967279,56
4294967279,55
4294967279,54
4294967279,53
4294967279,52
4294967279,51
4294967279,50
4294967279,49
4294967279,48
4294967279,47
4294967279,46
4294967279,45
4294967279,44
4294967279,43
4294967279,42
4294967279,41
4294967294,160
4294967294,162
4294967279,250
4294967278,253
4294967279,249
4294967278,250
4294967278,248
4294967278,246
4294967278,244
4294967279,243
4294967278,242
4294967278,240
4294967294,12
4294967294,104
4294967294,106
4294967294,166
4294967294,24
4294967294,175
4294967294,176
4294967278,88
4294967278,36
4294967278,35
4294967278,34
4294967278,33
4294967278,32
4294967278,31
4294967278,30
4294967278,29
4294967278,28
4294967278,27
4294967278,26
4294967278,25
4294967278,24
4294967278,23
4294967278,22
4294967278,21
4294967278,20
4294967278,19
4294967278,18
4294967278,17
4294967278,16
4294967278,15
4294967278,14
4294967278,13
4294967278,12
4294967278,11
4294967278,10
4294967278,9
4294967278,8
4294967278,7
4294967278,6
4294967278,5
4294967278,4
4294967279,132
4294967279,131
4294967279,130
4294967279,129
4294967279,128
4294967279,127
4294967279,126
4294967279,125
4294967279,124
4294967279,123
4294967279,122
4294967279,121
4294967279,120
4294967279,119
4294967279,118
4294967279,117
4294967279,113
4294967279,112
4294967279,111
4294967279,110
4294967279,108
4294967279,107
4294967279,105
4294967279,104
4294967279,103
4294967279,102
4294967279,100
4294967279,99
4294967279,98
4294967279,97
4294967279,96
4294967279,95
4294967279,94
4294967279,93
4294967279,92
4294967279,91
4294967279,90
4294967279,89
4294967279,87
4294967279,22
4294967279,20
4294967279,19
4294967279,18
4294967279,17
4294967279,15
4294967279,13
4294967279,12
4294967279,11
4294967279,116
4294967279,240
4294967279,115
4294967278,345
4294967278,174
4294967279,114
4294967279,238
4294967278,344
4294967279,235
4294967278,234
4294967279,233
4294967278,232
4294967279,231
4294967278,230
4294967279,229
4294967279,109
4294967279,228
4294967278,226
4294967279,225
4294967278,224
4294967279,223
4294967278,218
4294967279,106
4294967279,221
4294967279,222
4294967278,221
4294967279,219
29,5
4294967279,101
4294967278,216
4294967279,215
4294967278,214
29,4
29,3
29,2
29,1
4294967279,535
4294967278,213
4294967278,212
4294967278,211
28,4
4294967278,210
28,3
28,2
28,1
4294967278,343
4294967294,472
4294967278,209
4294967278,208
27,4
4294967278,207
27,3
27,2
27,1
4294967278,206
4294967294,967
4294967279,534
4294967278,342
4294967279,533
4294967278,202
4294967278,201
4294967278,341
4294967279,532
4294967278,200
4294967278,198
26,5
4294967278,197
26,4
26,3
26,2
26,1
4294967278,196
4294967278,195
4294967294,388
4294967279,531
4294967279,530
4294967278,340
4294967278,190
4294967279,529
4294967278,189
4294967294,115
4294967294,471
4294967278,188
4294967278,339
4294967278,187
4294967278,185
4294967278,184
4294967278,183
4294967278,182
4294967278,338
4294967279,528
4294967294,182
4294967294,899
4294967294,163
4294967294,916
4294967278,179
4294967278,337
4294967278,178
4294967279,527
4294967278,177
4294967278,336
4294967278,176
4294967278,175
4294967278,171
4294967278,173
4294967278,172
4294967278,170
4294967278,335
4294967278,165
4294967278,164
4294967278,161
4294967294,89
4294967278,163
4294967278,162
4294967278,160
4294967294,392
4294967294,390
4294967294,389
4294967294,120
4294967294,114
4294967294,396
4294967294,409
4294967294,903
4294967294,395
4294967294,399
4294967294,385
4294967294,420
4294967294,168
4294967294,913
4294967294,183
4294967294,444
4294967294,403
4294967294,164
4294967294,467
4294967294,411
4294967294,1
4294967294,463
4294967278,159
4294967294,88
4294967294,87
4294967294,85
4294967294,84
4294967294,950
4294967294,29
4294967294,53
4294967294,45
4294967294,36
4294967294,39
4294967294,42
4294967294,41
4294967294,417
4294967294,51
4294967294,52
4294967278,158
4294967278,131
4294967278,128
4294967278,126
4294967278,125
